1432 6189 9619 3729 3436 5352 9460 153 7678 3106
6225 5796 8355 7906 9438 9703 7200 7214 4168 7655
1352 6459 3908 6494 8277 2167 8318 2120 3149 3700
2425 2733 1741 5301 6947 7812 798 7461 591 4687
608 3864 8197 4857 1335 2820 2362 1545 8435 7596
1390 7469 3303 9283 1657 6593 6048 1068 9269 7866
7797 2175 8575 9869 672 3513 8999 6267 4433 8801
7910 9043 8906 7647 7783 976 408 6951 4225 6785
4511 350 8509 589 828 5165 4289 4113 6591 5642
185 4789 862 632 8709 4267 161 8200 5376 5657
5733 9380 6074 9172 5240 5124 9452 3801 3076 4388
6530 5257 6795 1638 3668 2552 1779 1853 4794 9654
4484 5609 2695 9812 6443 1619 4613 5038 6127 8570
4588 82 3966 9879 1514 4084 9237 876 3258 9090
7911 6314 7566 9585 3485 7480 8581 6635 1310 7256
7699 2355 9628 392 5710 6409 7915 544 8307 5146
1720 8180 6166 7536 2156 495 2568 6822 503 5061
4152 2518 9072 891 4613 8297 1882 3534 6409 2978
958 8158 5569 3454 3904 1061 5033 121 7957 7930
9588 8104 4215 5753 4071 7109 515 2427 1266 2031
4087 1268 4214 571 7391 4805 5475 7352 4451 5109
6406 4596 9971 4551 5595 2994 3763 5595 4628 1733
9476 8695 3936 9270 3720 7178 7560 1887 4571 8518
4403 5870 5257 7472 4096 8433 7189 6007 4581 9250
5778 8936 5202 7036 3740 7971 3479 8471 5790 8103
5916 6149 7523 5315 4665 9123 4755 5711 1505 253
5530 6609 5911 5885 4614 2449 5694 1074 1787 5500
4999 6796 4117 3718 9671 5820 6071 7186 8593 713
6706 5087 5562 7898 3541 5871 7949 1164 1359 8235
6031 736 2705 2601 5046 4453 3654 5095 3041 5966
5912 5043 2705 5270 8325 4743 5858 1689 1810 4184
2390 2395 4981 1765 9865 8820 561 9677 8692 5574
7625 9800 9151 8344 9607 4721 4382 5750 5005 794
5207 7528 3201 9619 3208 2946 4830 7024 6020 8480
4186 692 307 8378 849 8915 396 592 6755 6121
9539 6268 4904 4246 4346 3223 9671 9843 7204 7952
5383 4248 7763 4569 2047 2149 4672 6504 5340 8645
1313 2614 5786 9417 660 1234 7580 9016 7439 713
8227 8499 9887 1815 2939 4690 6132 5628 7766 1096
2574 4766 7975 3679 7859 8070 3425 5641 174 8481
6192 2722 2303 5158 2086 6195 4743 7477 5660 9089
1415 7105 605 5712 9826 3628 1832 627 8640 4891
629 8109 8943 1640 5553 9590 1337 8834 9380 3471
4645 2152 1296 6290 1571 3162 4084 444 4665 4765
4367 9757 3510 7809 1785 3061 6864 3677 9325 1127
3474 8818 4539 6643 874 8663 9268 1976 5611 2452
7961 1296 8589 4887 2391 9473 7315 8253 5695 8259
3558 6449 1774 7611 681 149 9502 7038 2093 9814
8917 5200 3666 2518 4439 5928 2716 3297 3410 8503
2689 3448 4139 466 3070 4038 9893 4839 7875 4252
4390 8950 5340 7241 9955 7391 8776 4601 1335 4322
6494 5775 8660 2400 9079 1389 6121 7473 1882 1164
7247 8387 7023 6617 2029 5946 5060 1347 160 6304
2723 2824 927 3770 1596 7592 7554 6106 1540 3631
9786 5164 9733 6895 1586 5164 2393 9134 5147 500
562 1791 5838 2898 4883 3780 7412 8952 3640 4785
8272 4602 9333 7546 7745 6515 5409 147 5120 4346
9796 4838 150 6981 1885 950 4226 496 7753 6096
7571 4692 6530 2255 3152 1988 7969 6873 4632 6615
126 7815 4130 3846 1863 928 6281 288 8935 6743
1483 6029 3670 466 708 5945 2340 67 320 859
6879 8764 8793 3057 3301 9397 1317 8448 2275 5940
394 1046 8823 7234 170 9345 4651 2451 3128 3254
3450 862 185 1822 8339 694 8921 5283 2937 3742
3937 6854 4495 913 539 1224 3355 6267 9067 3690
6862 6262 1095 3578 1725 4451 3917 5949 1579 5519
9724 7997 9680 3697 3217 4446 965 2759 5116 3671
1773 8655 6422 5700 1628 3721 2963 7362 6120 3394
6952 7173 1047 4806 6567 3640 2033 6764 8638 6891
7034 4906 4256 1997 5779 9125 3220 1065 3058 9897
6492 6810 5197 3906 3809 8098 4029 425 5446 4941
1747 4046 9051 6430 5733 8549 9728 8534 6586 4604
4995 9096 828 2121 8096 5866 6956 6346 894 7819
596 6994 4048 6468 5150 4826 8098 3319 2923 7807
6540 3064 86 6421 1515 9952 3704 2712 5605 3362
8429 4444 8364 1656 6609 4084 3232 4327 2087 2720
1466 7735 7074 7660 8700 6927 3620 4280 8583 3252
7631 4551 5031 5222 5335 2314 9271 8225 4415 9142
7202 1148 1108 6683 6839 9470 434 1688 3694 2258
9771 9080 3588 1282 9875 742 6237 8939 2745 6596
7949 4008 5601 3859 1060 4416 7598 659 2662 7715
2156 6610 2203 3944 9627 1480 8020 5053 3350 491
478 3308 5301 9366 3962 4515 4397 9126 7636 2791
4050 2433 9380 1133 312 361 4811 9697 3737 7000
8475 8264 4603 5178 8493 2520 2859 5823 2607 8409
2813 2343 9231 7065 1261 294 2024 1269 7662 2462
7520 4470 5342 8988 9402 8211 3586 4316 8343 6758
6839 6828 1043 5854 7026 4210 4036 1840 2373 793
7872 3547 824 1743 2496 2935 8502 9143 1928 7191
2748 3265 950 6232 5231 5 9809 4439 1529 4080
3819 1786 8343 5930 8372 2271 9023 7049 1749 146
7039 828 805 2062 2211 8688 2776 6706 1012 1252
8850 9097 6694 2527 2726 9375 7562 4204 9906 3036
1348 4601 7714 8946 7771 1455 5727 7450 4511 3799
9403 7403 9334 7374 5690 8499 8266 6312 2890 2417
9526 1002 5456 3163 9664 9475 635 3254 3599 8788
6779 5219 3538 9235 6947 9249 6 4933 3712 2021
100 4998 2686 332 41 2795 5645 3435 510 4433
5943 7006 1523 9226 8348 6516 8629 5880 3248 3989
8453 1271 4377 8445 7589 8500 8074 7744 4034 325